50
-0.89 1.89 -1.54 -1.59 -1.07 -1.71 -0.82 -1.53 1.28 0.05 -0.84 -0.10 1.10 0.30 0.30 1.71 0.40 -1.66 1.18 -0.85 -1.42 1.87 0.47 -0.59 1.06 -1.48 -0.89 -1.71 0.66 1.50 1.64 -1.61 1.52 -1.24 0.78 -0.45 1.19 -0.80 -1.79 -1.70 -1.71 1.39 -0.85 1.19 -0.48 0.45 0.10 1.80 0.93 -0.90
-0.36 -1.45 0.50 1.43 1.32 -0.94 1.72 1.47 1.49 -1.71 -0.34 -0.69 -0.02 1.45 -1.59 -1.93 -0.61 -1.62 0.41 1.75 -0.92 -1.08 0.83 -0.41 -0.17 -1.27 -0.64 -1.00 0.03 -1.73 -1.87 0.17 -0.03 0.33 -1.05 -1.44 0.17 -0.48 1.37 0.05 1.40 0.33 -1.38 -0.38 -0.19 -1.63 -0.22 -1.52 -0.63 0.08
0.51 -1.82 1.41 0.76 1.46 -1.97 1.82 1.16 -1.22 1.62 1.70 -0.86 -0.81 1.23 -1.60 -0.23 -0.55 -1.27 0.67 -1.16 -1.74 -1.97 -1.03 -0.54 -0.82 -1.29 -0.51 -0.78 1.50 1.90 1.86 2.00 -0.41 -1.97 -0.75 -0.73 0.16 -0.38 -0.48 0.09 -1.32 1.88 -0.80 0.77 -1.75 1.49 -1.55 -1.14 -0.79 0.39
0.17 0.16 0.39 -0.86 1.36 1.30 0.11 1.66 1.98 -1.65 1.92 0.18 -0.34 0.52 -0.79 1.13 0.03 -1.61 0.09 0.58 0.16 -0.72 -1.41 1.72 -1.78 -1.78 -1.46 1.76 -1.10 0.46 -1.41 1.06 0.59 -0.57 -1.32 -0.88 -0.85 0.23 1.29 -0.89 1.67 -1.25 0.63 -0.54 0.58 0.45 -1.28 -0.13 -0.41 -0.45
-0.70 0.99 -1.06 0.51 1.97 -1.85 -0.19 -1.67 -1.79 -1.88 -1.98 0.41 -1.06 -0.55 0.52 -0.12 -1.15 0.32 1.50 -1.67 -1.27 0.26 1.32 -1.64 1.01 1.11 0.10 0.97 0.23 -1.91 -1.01 -1.62 -1.45 1.20 0.20 1.86 -1.86 0.33 -0.96 1.78 -1.36 -1.83 -1.10 -1.86 1.98 -1.80 -0.72 -0.71 1.65 0.79
-1.90 0.73 0.52 -1.14 -0.44 -0.94 0.95 -1.19 -0.04 -1.80 0.02 0.90 -1.52 0.82 1.68 -0.21 -0.34 0.46 -1.14 1.22 1.28 -1.46 1.78 -1.95 -0.62 -0.00 1.96 0.50 0.14 0.16 -0.11 -0.58 1.88 1.09 1.34 1.60 -0.82 -0.02 0.56 1.50 -0.68 1.09 0.04 0.65 -0.10 -0.71 1.68 -1.65 1.91 1.02
0.78 -0.82 -1.48 -1.38 -1.13 -1.53 -0.51 1.06 -0.57 -1.35 1.08 0.89 -0.96 -0.10 0.46 -1.68 -0.77 1.72 0.79 1.39 0.92 1.34 -0.47 1.04 1.44 0.51 0.99 -0.41 1.41 1.17 -1.70 0.32 -0.97 1.77 1.28 -0.50 -1.95 -0.47 0.32 0.68 1.92 -1.48 1.49 -0.79 -0.12 -0.53 -1.50 -0.79 -1.12 0.69
-0.17 1.98 -0.41 -0.19 -1.52 1.97 -0.89 0.41 0.60 1.88 0.28 0.37 0.69 -1.11 0.42 -0.89 -1.76 -0.46 -1.70 -1.48 -0.68 -0.57 0.86 -1.78 1.41 -0.49 1.91 1.19 0.10 -1.34 0.91 0.75 -1.99 -0.22 1.43 -0.79 0.68 -1.94 0.44 1.08 1.55 1.52 -1.45 1.88 0.15 1.34 0.85 0.98 -1.82 -1.77
-1.70 -0.05 1.37 1.01 0.24 -1.62 1.91 1.06 -1.71 -1.17 1.72 -0.38 -0.67 0.07 -1.46 1.12 1.07 1.55 1.84 -0.01 -0.26 -0.72 -1.07 0.47 1.56 1.58 0.83 1.94 -0.71 1.70 -0.50 1.99 0.18 -0.03 0.47 -1.20 0.76 -1.38 0.07 -0.12 -1.90 1.20 0.29 0.94 -1.78 -0.63 1.87 1.42 -1.15 -0.66
-1.63 -1.71 1.86 -0.71 -0.76 0.88 -0.27 1.01 1.10 0.47 -1.54 0.23 0.51 1.76 -0.21 -0.68 0.82 -0.15 1.26 1.80 -0.49 1.71 1.18 0.85 1.43 -1.30 -1.07 -0.94 -0.98 -0.61 -0.35 -0.60 -0.67 -1.63 1.29 1.11 -0.06 -0.20 -1.41 -1.79 1.76 -1.19 1.37 0.55 -1.56 0.56 -0.69 -0.36 0.09 -0.72
-1.27 1.79 0.01 1.04 -1.14 -1.56 -1.45 -1.74 0.57 -1.81 -0.45 -0.51 1.07 1.77 -0.13 -1.23 -1.57 -0.66 -1.95 0.43 1.40 1.05 -0.03 1.22 -1.44 -1.25 -0.94 -0.36 -0.22 -1.02 0.13 0.18 -0.67 -1.44 -0.35 -0.86 1.73 0.94 -1.90 -1.21 1.38 0.02 1.89 -1.54 -0.40 -1.93 -1.99 1.45 0.73 1.36
1.27 -0.46 -1.70 0.10 -1.35 -0.14 0.25 0.59 -1.78 -1.67 -0.22 -1.87 -0.39 -1.58 -1.52 -1.02 -0.94 0.89 -1.64 0.27 -1.70 -1.98 -1.32 -0.21 -0.38 0.44 -0.08 1.38 -0.58 1.71 0.47 0.83 1.21 -1.95 -1.30 -1.18 0.31 1.44 0.76 1.04 -0.96 1.91 1.56 1.27 -0.03 -0.03 1.30 -1.41 -0.90 -1.47
-0.66 -0.60 0.04 1.60 -1.59 -0.51 -1.90 -1.64 0.52 -1.33 0.09 -0.16 -2.00 1.42 -1.18 0.54 -1.52 -1.81 -1.20 -1.29 -1.62 0.71 1.11 0.68 -0.68 1.94 -1.80 -0.10 -0.43 0.73 1.70 0.80 -0.08 1.47 -1.28 0.81 2.00 -0.14 -1.14 1.17 0.81 -1.32 -1.14 1.94 0.16 -0.62 0.55 -0.69 -0.10 0.76
-1.67 0.71 0.53 -0.19 -0.46 -1.47 -1.38 -0.19 1.81 0.98 1.53 -1.40 -0.20 0.32 -0.35 0.12 -0.14 1.63 -0.51 -0.12 -0.61 1.33 0.57 -1.57 -0.77 1.71 -1.41 1.09 -1.56 0.22 1.59 -1.94 -0.66 -0.06 -0.48 -0.28 0.62 -0.69 -0.26 1.89 0.17 -1.14 -0.99 1.87 -1.54 -0.68 -1.86 -1.28 -1.05 -1.87
0.27 -0.64 0.74 1.88 -1.35 -1.32 -1.45 0.88 -0.25 0.55 0.51 -1.56 -0.73 1.20 -1.76 0.48 -0.06 1.31 -1.42 -1.69 1.00 -0.72 1.68 -1.59 1.61 0.60 -1.88 -0.05 0.88 0.67 -0.29 0.47 1.15 0.79 1.13 1.35 0.77 -1.47 1.32 -1.94 -1.72 0.49 -1.54 -0.59 0.16 -0.68 -1.63 -1.10 -1.16 0.02
-1.00 1.46 -1.85 -0.90 1.81 0.48 1.13 0.72 -0.09 -1.74 -0.64 1.52 0.35 0.97 0.78 -0.68 -1.49 -1.72 0.48 -0.72 -0.14 0.02 -1.22 -1.09 1.49 1.26 -0.13 -0.56 -1.27 0.59 0.91 -1.12 -1.37 1.91 0.51 1.97 1.42 0.07 0.32 -1.94 1.31 -0.89 -0.19 -1.88 0.88 1.63 -0.26 -1.30 0.31 -1.01
0.72 -0.51 -1.83 0.73 -1.47 -0.21 -1.66 -1.32 0.98 0.07 -0.92 1.55 -1.62 -0.55 -0.72 1.03 -1.87 1.04 -1.87 -1.88 -1.13 0.25 0.18 -1.43 0.52 -0.57 1.85 -1.94 1.33 -0.80 0.22 1.11 0.99 0.61 0.63 1.09 -1.65 -0.02 -0.59 1.92 -1.47 -1.28 -1.33 -1.04 0.21 -1.64 1.67 0.25 1.36 -0.38
-0.50 -0.33 1.77 0.15 -1.06 0.04 1.85 -0.69 1.75 -1.11 1.20 0.18 1.43 1.40 0.26 -1.74 1.24 0.87 0.13 -1.27 -1.24 1.94 -1.47 1.99 -1.92 1.39 1.83 -1.17 0.51 -1.29 -0.70 0.54 1.91 -1.37 0.70 0.79 -1.19 -1.70 -0.83 1.45 -1.88 -1.31 -1.43 0.38 -1.86 -0.78 1.34 0.28 -0.30 1.75
-1.75 -0.69 1.97 0.66 -0.71 0.91 -0.08 -0.06 -1.32 -1.98 -0.71 0.81 -1.05 -1.62 -0.10 -2.00 -0.70 0.41 1.94 1.48 -0.91 1.38 0.99 -0.16 -0.92 -1.88 1.80 -1.16 -0.96 1.94 1.31 -1.42 1.31 -0.35 0.33 -0.53 -1.03 -1.22 -0.63 0.66 1.21 0.28 0.69 -0.96 -0.29 -0.14 1.22 0.39 -1.59 1.23
0.31 0.84 -1.17 -0.43 -0.86 2.00 -1.08 -1.56 -0.18 -1.34 -1.07 1.04 -0.77 -0.89 1.09 0.72 -1.02 -0.64 1.70 -0.19 -1.10 -0.59 -0.37 0.88 -0.15 1.05 1.60 0.54 -0.41 -0.01 0.93 -1.45 1.14 0.49 1.82 -1.69 -1.48 0.11 -1.39 -1.84 2.00 -0.35 -0.07 0.74 1.92 1.51 1.99 -0.65 1.25 0.44
0.62 1.64 0.31 -0.09 1.21 -0.09 0.99 0.93 -1.79 1.68 1.33 1.68 1.92 0.79 -1.64 -1.69 -0.10 -0.34 -1.23 -0.38 -0.69 -0.84 -1.13 1.74 -1.00 0.73 1.79 1.94 -0.35 -0.19 -0.63 -1.09 0.79 1.72 -0.00 -1.27 1.23 1.27 1.64 -1.52 0.57 -1.18 1.59 1.30 1.57 -0.08 0.29 1.30 -0.65 1.58
1.57 1.54 -1.14 -0.67 0.34 -0.98 1.16 -0.18 -0.11 -1.30 0.95 -0.39 1.18 1.34 1.88 -0.33 1.08 1.18 -1.05 0.59 -0.94 0.69 1.43 0.35 -0.34 -1.42 -0.83 -0.05 -1.77 -1.28 -0.16 -1.70 -0.98 0.65 1.96 -0.97 1.52 1.21 1.58 0.53 0.26 -1.15 -1.13 1.20 -0.12 1.86 -1.34 1.45 0.18 0.72
-1.96 -1.00 -0.01 -0.70 0.81 -1.32 0.67 1.16 0.31 -1.71 0.59 1.28 1.26 -1.15 -0.87 1.57 -0.81 -0.77 -2.00 -0.97 0.21 -1.01 -0.60 -1.63 -0.56 1.19 1.35 0.80 1.07 -0.10 -0.24 -1.58 0.54 -0.68 1.25 0.63 1.18 -1.71 1.38 -1.06 -0.66 -0.87 0.31 -1.26 0.91 -1.04 -1.66 0.17 -0.34 -0.75
-1.41 -1.54 0.60 -1.36 1.59 -0.30 0.57 1.52 1.88 1.62 1.15 1.14 -0.09 -1.26 1.73 0.15 -0.91 1.32 1.38 0.18 -1.54 1.09 1.15 0.33 -1.98 -1.64 0.17 -0.87 1.55 1.19 1.90 1.40 1.10 -0.07 1.92 -1.34 -1.22 0.46 0.37 -0.71 0.85 -1.83 1.50 -1.43 0.32 0.18 0.91 1.87 -1.22 0.57
0.21 -0.86 1.34 -1.85 -0.58 0.45 -0.28 -1.54 -0.24 -1.50 -1.64 1.38 1.85 0.04 -0.74 -0.65 -0.58 0.22 -1.95 -1.16 -0.82 1.34 -0.87 -0.24 1.17 -1.17 -0.25 0.89 0.03 -1.89 -0.57 -0.15 -1.08 1.36 -0.17 1.64 1.22 1.04 1.75 -0.68 1.67 -1.70 -0.27 -1.57 -0.29 0.18 -0.02 -0.07 0.41 -0.21
1.08 0.41 -0.25 0.67 -0.04 -0.64 0.50 0.35 0.26 0.57 0.37 1.02 0.76 0.56 0.12 -0.37 1.49 -1.36 -1.52 0.24 -0.43 -0.65 0.97 1.08 -1.31 -0.48 -0.35 -0.82 -0.13 -1.86 -1.79 -1.43 0.30 0.88 -1.68 -1.92 1.69 -1.60 0.73 0.04 1.88 -1.40 -0.19 -0.21 0.09 -0.21 -1.25 -1.95 0.04 1.20
1.21 -0.76 -0.28 0.86 -1.98 1.72 -1.31 -1.31 1.29 0.92 0.47 1.59 -0.91 1.30 0.59 1.83 -1.70 -0.99 -1.44 -1.51 0.37 -0.36 1.69 0.18 -0.68 0.85 -0.89 0.47 1.48 -0.06 0.70 0.66 -1.90 1.39 -1.25 0.69 1.06 0.68 0.12 0.66 1.66 1.64 -0.21 -1.36 -0.51 1.45 1.30 0.16 1.60 -0.11
-1.59 1.91 -0.30 -1.20 -1.01 0.16 0.43 -1.46 -0.46 0.87 -1.09 1.17 1.90 -1.64 -1.63 0.69 0.87 1.28 -1.68 1.59 0.02 -0.43 0.14 -0.10 1.63 0.29 -0.58 -1.78 -1.56 1.47 -0.96 1.31 1.66 -1.55 0.17 0.19 1.38 -0.03 0.34 1.17 -1.03 -1.89 -0.70 -1.14 -1.32 -1.03 -0.63 0.23 -1.90 -1.00
-0.41 -1.82 -1.38 1.33 -0.33 -0.82 -0.89 0.93 -1.17 -1.38 0.35 1.64 0.31 0.30 1.81 -1.13 0.04 0.79 1.19 -0.30 -0.82 -0.23 -1.33 -1.93 0.61 -0.06 -0.06 1.65 -0.71 0.24 1.01 -1.79 0.57 1.56 -1.86 0.90 -1.35 0.12 0.83 -0.82 0.86 -0.57 0.20 1.82 -0.91 1.37 0.11 0.21 -0.90 -0.62
1.72 -1.99 1.38 1.20 -0.75 0.72 1.16 -1.99 0.86 -1.20 -0.23 0.64 -1.50 -1.07 1.43 -0.80 1.31 -1.14 1.55 1.59 -0.02 -1.39 1.80 -1.29 -0.89 0.64 -0.33 0.58 -1.73 0.52 0.22 -1.63 -1.01 -1.48 0.04 -0.71 0.41 0.17 1.65 -0.31 1.92 1.92 -0.38 -1.46 -0.18 1.53 -0.34 -0.35 1.86 -1.77
-1.51 -1.11 -0.56 1.67 0.81 1.68 1.22 -0.90 1.34 0.36 1.80 0.56 -1.76 1.45 -1.43 1.97 1.68 0.74 0.60 0.31 1.98 1.54 -0.17 -0.84 0.09 -0.66 2.00 -1.06 0.28 1.23 -1.41 -0.74 0.93 -0.99 1.38 -1.92 0.12 -0.76 1.55 0.21 0.46 0.84 0.84 0.85 1.82 -1.40 1.75 0.67 0.97 0.60
1.20 -0.00 0.06 1.99 1.32 -0.25 1.20 0.30 -0.25 1.24 0.10 0.82 0.73 -0.60 -1.33 -0.86 1.00 -1.30 1.60 1.65 1.29 -0.99 -0.32 -0.38 1.34 0.83 -1.93 -1.36 -0.79 1.55 -1.18 1.28 1.43 0.47 -1.62 1.75 1.22 -1.11 0.65 -0.33 0.96 1.60 -0.31 -1.36 -1.31 -0.30 1.95 -0.44 0.32 1.50
-1.98 -1.93 -0.33 1.75 1.93 -0.36 1.19 -0.53 -1.57 1.88 0.24 -1.09 1.68 -0.35 -0.05 0.64 0.96 0.74 -1.07 0.93 -1.63 0.07 1.40 -1.63 -1.44 0.41 1.73 -1.51 1.38 -1.31 1.15 -0.77 0.78 0.24 -0.94 -0.35 1.59 -0.55 -1.77 -1.26 0.85 -0.25 -1.72 -1.39 -0.54 -0.66 0.69 -0.72 1.89 0.44
-1.94 -1.95 -1.73 0.43 -0.15 -0.89 -0.84 0.81 1.22 -0.88 0.29 0.65 1.84 -1.28 0.64 0.54 0.25 -1.78 -0.56 2.00 -1.86 0.12 -0.07 -0.51 0.91 -0.19 -1.41 -0.03 1.21 -0.39 0.88 0.91 0.66 -0.66 -0.44 0.40 -1.31 -0.59 -0.67 -0.94 -1.87 0.41 1.94 0.55 -1.39 1.19 0.47 -0.16 0.92 1.17
-1.68 1.15 -0.42 -1.73 -0.53 0.60 -1.16 0.12 0.56 0.46 0.44 -1.44 -1.36 -0.82 -1.63 1.82 -0.84 0.86 1.14 0.94 1.30 -0.03 1.49 0.19 0.04 1.06 -0.35 -0.93 0.62 1.40 1.88 -0.17 0.42 -1.32 -1.52 -0.72 1.78 1.05 -1.23 0.75 -1.44 -1.13 -0.44 -0.36 1.00 -1.91 1.96 -0.22 -0.08 -0.60
-0.10 1.91 -0.80 -1.63 -0.00 1.42 -1.77 0.31 -0.51 1.41 -1.79 -0.41 0.27 -1.39 -1.00 -1.69 -0.52 1.98 -1.38 -0.16 0.09 1.52 1.44 -0.07 -1.16 0.74 1.38 -1.54 0.72 1.97 -1.29 1.30 -1.96 -0.61 1.65 -0.08 -1.22 -1.01 0.24 0.47 -1.58 0.66 -0.80 -0.57 0.12 0.01 -0.97 0.57 -1.46 1.10
-1.84 -1.81 1.05 0.99 1.77 1.77 1.26 0.55 -1.09 0.75 -1.29 -1.44 -0.05 -1.22 -1.60 -1.15 0.42 0.76 -0.01 -1.11 1.49 -1.98 -1.96 -1.98 0.78 1.83 1.12 -1.75 1.00 1.26 0.76 0.65 -0.93 -1.03 -1.63 0.45 1.30 -1.86 -1.20 -0.83 1.90 -1.77 1.79 0.00 -1.39 0.65 1.94 -0.25 -1.28 -0.44
0.81 0.23 1.70 0.66 -0.74 0.82 1.51 0.78 -0.53 1.43 1.57 -0.28 0.69 -1.11 1.17 1.26 0.85 -0.41 0.16 0.66 -0.50 0.48 -1.90 0.38 0.71 1.36 1.76 1.76 0.27 0.78 0.74 1.12 -0.77 -1.63 -1.34 0.62 1.54 -0.51 1.58 -1.92 1.18 0.07 -1.89 -1.41 -0.01 0.43 0.87 -1.61 -0.07 -1.92
2.00 0.97 0.34 1.09 0.91 1.91 -0.10 -1.15 0.83 -1.73 -0.40 1.12 -1.85 0.45 -0.89 1.27 -0.31 -0.33 -0.72 0.58 -0.12 0.16 1.19 -1.39 -1.32 1.27 -1.89 -0.03 -1.69 -1.09 -1.85 0.46 0.62 -1.52 0.94 -1.33 -1.29 -1.43 -1.57 -1.56 -0.29 1.29 1.85 -1.63 0.73 -0.03 0.98 0.42 1.58 -1.55
-0.92 0.30 -1.25 1.54 1.04 -1.39 1.59 0.01 0.93 -1.99 -0.05 0.94 -0.30 0.92 -0.09 1.78 -1.67 -1.61 -0.39 -1.53 1.12 -0.44 -1.15 -1.11 1.13 -1.73 -0.23 -0.43 1.13 -1.20 -1.76 0.09 -0.80 -1.50 -0.90 -1.23 -0.64 1.22 -0.11 -1.73 -1.84 -1.69 -1.87 -1.92 0.05 0.12 0.09 1.81 0.41 0.97
-0.85 1.66 1.86 1.72 1.08 -0.25 -0.57 -1.27 -0.61 1.82 0.31 1.65 -1.93 -1.17 0.04 -0.70 -1.26 -1.37 -1.37 0.16 0.26 0.40 -0.80 -0.69 -0.76 1.59 -0.01 -0.10 1.44 1.93 1.56 -0.44 -1.24 0.12 -1.35 0.90 0.87 -1.41 0.90 1.28 0.76 1.06 0.53 -1.89 -0.03 1.43 -0.86 1.62 -1.45 -0.71
-1.29 -1.03 -0.01 1.37 -0.12 1.00 -1.73 0.12 0.09 0.62 1.40 1.00 -1.90 1.86 -0.94 1.37 1.42 -0.22 1.86 -1.00 -1.62 0.29 0.75 1.04 -1.13 -1.89 -1.31 1.22 0.80 0.46 0.11 -1.45 0.00 0.35 1.58 -1.74 1.77 -0.29 1.09 0.62 0.69 -1.90 -1.87 -0.91 1.54 -1.40 1.57 1.86 -1.53 -0.38
0.34 -1.71 -1.50 1.06 0.20 1.53 -0.96 1.13 0.39 -1.99 -0.97 0.56 -1.80 0.99 -2.00 -0.28 1.58 -1.11 -0.74 -1.25 -0.64 0.24 1.84 0.29 -1.25 -0.20 -0.95 -0.35 -0.12 0.35 -0.79 -0.31 1.99 -0.46 1.09 1.91 1.63 0.62 -1.85 0.17 -1.79 1.61 0.59 -0.38 -2.00 1.05 0.71 -1.09 -0.79 -1.49
-1.97 -1.94 1.35 -1.27 -0.68 0.33 -1.50 -0.37 -1.57 -0.06 -0.40 0.21 1.71 -1.38 0.05 -1.91 0.85 1.00 0.10 -1.24 1.89 0.08 -1.56 -0.30 0.17 -1.80 -1.02 -1.35 0.08 -0.35 0.47 0.22 -0.81 0.34 -1.28 1.79 -1.52 0.55 1.50 1.79 -0.43 -1.49 0.94 1.42 -1.07 0.98 -0.54 0.36 0.17 -0.77
1.78 1.64 -0.16 -1.30 1.19 -1.70 -0.11 0.43 -1.48 -1.31 -1.75 0.67 1.65 -1.14 -0.22 1.71 -0.98 0.97 1.19 -0.36 -1.98 -0.21 -0.68 1.17 1.14 -0.57 1.56 0.83 0.37 -1.81 0.12 -1.38 -0.85 1.49 -1.35 1.13 -0.59 0.69 1.56 0.24 0.21 0.08 1.64 -1.07 1.34 0.80 0.52 0.27 1.03 1.38
0.99 -1.81 1.71 -0.93 0.10 0.56 0.30 0.42 0.78 -1.15 0.97 1.07 -1.40 0.01 0.89 -1.95 -1.39 -1.63 0.85 1.93 -0.10 -1.77 -1.20 -0.64 -0.74 0.14 0.07 0.30 -1.25 -0.63 -1.35 0.13 -1.29 0.27 0.83 0.63 -0.27 0.48 -1.01 1.30 0.66 1.34 -0.38 1.54 -1.92 -1.59 -0.29 0.37 -0.96 -1.69
-0.73 0.98 -1.55 1.63 -1.59 0.26 -1.77 1.61 1.81 1.20 -0.04 -0.94 -1.50 0.98 1.61 1.81 1.06 1.13 0.52 -0.35 -0.99 0.87 0.11 -1.20 0.32 1.74 0.49 1.83 -1.50 1.03 -0.02 1.77 1.83 1.37 -0.81 0.27 -1.66 1.10 1.76 -0.41 -1.89 -1.21 0.36 0.70 -1.00 0.94 0.02 -1.64 0.48 0.73
-1.39 0.39 0.71 0.74 -0.26 1.62 -1.47 1.94 -0.68 -1.53 1.67 1.54 0.64 0.60 -0.90 -0.73 1.98 0.53 1.49 1.19 -0.78 -0.89 -0.27 -0.80 0.19 -0.26 0.96 -0.39 1.68 1.53 1.70 -0.92 -1.30 -1.98 0.02 0.03 -1.07 0.61 0.14 -0.73 0.89 -1.14 0.23 -1.98 -0.69 -1.97 1.57 0.80 -0.33 -0.78
-0.65 0.38 0.79 1.54 1.87 -0.01 0.40 0.36 -1.73 0.29 0.24 0.06 -0.81 0.41 0.28 -0.63 0.80 -1.80 -0.98 -0.08 -1.70 0.31 -1.54 -1.44 0.48 -1.90 -1.52 1.79 -1.00 -1.58 0.45 -0.72 -0.17 0.73 1.04 0.55 0.96 -1.86 0.29 0.82 -0.70 0.25 1.50 -1.58 -1.43 0.88 1.59 -0.84 -1.88 -1.33
1.42 -0.26 0.12 -1.65 0.48 1.49 1.16 -1.50 -0.59 1.84 0.32 -0.24 0.14 0.47 -1.40 1.84 0.51 0.13 -0.97 -0.60 -0.93 -1.86 -1.20 0.08 1.42 -0.37 -1.07 0.00 1.78 0.72 -0.71 -0.84 0.37 1.82 -0.97 -1.84 0.88 0.59 0.94 -1.51 -1.84 -1.97 1.94 1.33 -1.40 -1.51 -0.77 -1.24 1.97 1.91
